1.58467397546741591e+01 3.51458845196533022e-08
1.57997245913341917e+01 6.62797246798362050e-01
1.56600937257134962e+01 1.31242492583620152e+00
1.54319626414977975e+01 1.93650314194347350e+00
1.51217835030974630e+01 2.52413629639260018e+00
1.47378025356820181e+01 3.06643729100754348e+00
1.42894189637889877e+01 3.55683808279693370e+00
1.37865302687618279e+01 3.99118053602596268e+00
1.32389370547760574e+01 4.36761369260172483e+00
1.26558587216449201e+01 4.68634488495384449e+00
1.20455854876999382e+01 4.94930053824885707e+00
1.14152691461580389e+01 5.15974973960326633e+00
1.07708379434432882e+01 5.32193348087877105e+00
1.01170112389933795e+01 5.44072910054680570e+00
9.45738632438679261e+00 5.52136625469847253e+00
8.79457114292418751e+00 5.56919983438741717e+00
8.13034068357428019e+00 5.58953746842186217e+00
7.46579987784711108e+00 5.58751456103707245e+00
6.80154078083246638e+00 5.56800767135681962e+00
6.13778605386005260e+00 5.53557673637094627e+00
5.47451406361886050e+00 5.49442749735615177e+00
4.81156329995677901e+00 5.44838696851601156e+00
4.14871545061013602e+00 5.40088649559117151e+00
3.48575755723832570e+00 5.35494863439609770e+00
2.82252440399504856e+00 5.31317557886484249e+00
2.15892280955483784e+00 5.27773809903627544e+00
1.49493990962723022e+00 5.25036487114709516e+00
8.30637885880081694e-01 5.23233268538316043e+00
1.66137935945557674e-01 5.22445831617848810e+00
-4.98403422698277754e-01 5.22709286995382350e+00
-1.16282238965494522e+00 5.24011923923988476e+00
-1.82697679396860346e+00 5.26295295980997668e+00
-2.49077238751024987e+00 5.29454637011833551e+00
-3.15418311103630167e+00 5.33339559683788345e+00
-3.81726211389612224e+00 5.37754962159525984e+00
-4.48014057720043279e+00 5.42462059826568943e+00
-5.14301171122480838e+00 5.47179474931430487e+00
-5.80609765153167334e+00 5.51584361792325062e+00
-6.46959736644841676e+00 5.55313621477718922e+00
-7.13361414656912007e+00 5.57965367752274499e+00
-7.79806185416266118e+00 5.59100943361452263e+00
-8.46254999503537242e+00 5.58247946263837580e+00
-9.12624901105707487e+00 5.54904897478693737e+00
-9.78773917914073976e+00 5.48548345584101771e+00
-1.04448493306666936e+01 5.38643325573939258e+00
-1.10944953810361895e+01 5.24658125154997634e+00
-1.17325333024696885e+01 5.06084198165623089e+00
-1.23536462834539638e+01 4.82461731631171453e+00
-1.29512905367408901e+01 4.53410754152965012e+00
-1.35177271501055145e+01 4.18666734713702837e+00
-1.40441666666917335e+01 3.78118397737864864e+00
-1.45210467622027402e+01 3.31844116686935697e+00
-1.49384500277316352e+01 2.80142021452519874e+00
-1.52866484995725411e+01 2.23548254313923778e+00
-1.55567365444690910e+01 1.62838053420824069e+00
-1.57412889683748549e+01 9.90058279561405907e-01
-1.58349635783809823e+01 3.32231161864687929e-01
-1.58349635733279079e+01 -3.32231233173586327e-01
-1.57412889533679241e+01 -9.90058349453064701e-01
-1.55567365199513343e+01 -1.62838060135049800e+00
-1.52866484662384519e+01 -2.23548260635984342e+00
-1.49384499864686493e+01 -2.80142027286822692e+00
-1.45210467140221429e+01 -3.31844121962856686e+00
-1.40441666126581435e+01 -3.78118402410716659e+00
-1.35177270912728389e+01 -4.18666738763618529e+00
-1.29512904741002526e+01 -4.53410757582212121e+00
-1.23536462178963369e+01 -4.82461734460496938e+00
-1.17325332347634692e+01 -5.06084200430203346e+00
-1.10944953118181147e+01 -5.24658126900454747e+00
-1.04448492604434779e+01 -5.38643326852737303e+00
-9.78773910829844773e+00 -5.48548346452500724e+00
-9.12624893987540986e+00 -5.54904897994313906e+00
-8.46254992370449521e+00 -5.58247946483813262e+00
-7.79806178280070483e+00 -5.59100943341093881e+00
-7.13361407523908753e+00 -5.57965367544142410e+00
-6.46959729517361293e+00 -5.55313621131005153e+00
-5.80609758030916190e+00 -5.51584361352450703e+00
-5.14301164003665701e+00 -5.47179474439782965e+00
-4.48014050602266778e+00 -5.42462059320318435e+00
-3.81726204270544178e+00 -5.37754961671481269e+00
-3.15418303981466508e+00 -5.33339559242268457e+00
-2.49077231624751594e+00 -5.29454636640543708e+00
-1.82697672266344346e+00 -5.26295295698907939e+00
-1.16282231831428673e+00 -5.24011923745222230e+00
-4.98403351335578337e-01 -5.22709286929121042e+00
1.66138007312876007e-01 -5.22445831668262350e+00
8.30637957233681168e-01 -5.23233268704527621e+00
1.49493998095101688e+00 -5.25036487390797468e+00
2.15892288083785200e+00 -5.27773810278662392e+00
2.82252447523371952e+00 -5.31317558344598329e+00
3.48575762843773695e+00 -5.35494863960088452e+00
4.14871552178398506e+00 -5.40088650116505242e+00
4.81156337112573507e+00 -5.44838697415815076e+00
5.47451413480707672e+00 -5.49442750272060110e+00
6.13778612508962329e+00 -5.53557674106791353e+00
6.80154085211566706e+00 -5.56800767495419535e+00
7.46579994917632739e+00 -5.58751456306254468e+00
8.13034075490962849e+00 -5.58953746836611209e+00
8.79457121417897092e+00 -5.56919983170908939e+00
9.45738639541113635e+00 -5.52136624883174321e+00
1.01170113095567356e+01 -5.44072909091259138e+00
1.07708380132168653e+01 -5.32193346690058089e+00
1.14152692146987373e+01 -5.15974972072865956e+00
1.20455855544379258e+01 -4.94930051397702453e+00
1.26558587858775073e+01 -4.68634485486925545e+00
1.32389371156708666e+01 -4.36761365641270771e+00
1.37865303253721567e+01 -3.99118049360577709e+00
1.42894190150836362e+01 -3.55683803422339651e+00
1.47378025805903690e+01 -3.06643723659592560e+00
1.51217835405684031e+01 -2.52413623671571541e+00
1.54319626705683550e+01 -1.93650307783316000e+00
1.56600937455803013e+01 -1.31242485836194800e+00
1.57997246014189976e+01 -6.62797177221856382e-01
